3
6
3
18
3
6
15
18
15
6
15
18
15
6
51
18
27
6
27
18
27
6
39
18
3
24
3
36
3
24
27
36
15
24
3
36
15
24
15
36
27
24
15
36
27
24
39
36
39
24
27
36
39
24
51
36
51
24
39
36
51
24
63
36
3
42
3
54
3
42
27
54
15
42
3
54
15
42
15
54
27
42
39
54
39
42
39
54
51
42
51
54
63
42
51
54
3
60
3
72
3
60
39
72
15
60
3
72
15
60
15
72
27
60
15
72
27
60
27
72
39
60
51
72
39
60
75
72
51
60
51
72
51
60
63
72
3
78
3
90
3
78
15
90
15
78
3
90
15
78
15
90
27
78
27
90
27
78
39
90
39
78
27
90
39
78
63
90
51
78
39
90
51
78
63
90
63
78
51
90
63
78
87
90
75
78
75
90
75
78
99
90
3
96
3
108
3
96
63
108
15
96
15
108
15
96
39
108
27
96
27
108
27
96
51
108
39
96
27
108
39
96
51
108
51
96
63
108
51
96
87
108
63
96
75
108
63
96
135
108
75
96
75
108
75
96
111
108
87
96
99
108
87
96
111
108
99
96
99
108
99
96
123
108
3
114
3
126
3
114
51
126
15
114
15
126
15
114
27
126
27
114
27
126
27
114
39
126
39
114
39
126
3
132
3
144
3
132
15
144
15
132
15
144
15
132
27
144
27
132
27
144
27
132
39
144
39
132
51
144
39
132
63
144
51
132
63
144
51
132
75
144
3
150
3
162
3
150
15
162
15
150
27
162
15
150
39
162
27
150
39
162
27
150
63
162
39
150
51
162
39
150
75
162
51
150
75
162
51
150
99
162
63
150
87
162
63
150
111
162
75
150
87
162
3
168
3
180
3
168
15
180
15
168
15
180
15
168
39
180
27
168
27
180
27
168
63
180
39
168
51
180
39
168
75
180
51
168
51
180
51
168
111
180
63
168
87
180
63
168
99
180
75
168
99
180
75
168
111
180
87
168
123
180
87
168
147
180
99
168
135
180
99
168
159
180
111
168
135
180
111
168
147
180
3
186
3
198
3
186
15
198
15
186
3
198
15
186
39
198
27
186
27
198
27
186
51
198
39
186
39
198
51
186
63
198
51
186
87
198
63
186
75
198
63
186
87
198
75
186
75
198
75
186
99
198
87
186
111
198
