0
40
0
50
1
0
1
1
1
80
120
80
130
1
0
1
1
1
80
120
80
130
1
1
0
1
1
0
40
0
210
0
1
1
1
1
0
40
0
50
1
1
0
1
1
160
200
160
210
1
0
1
1
1
50
120
40
120
1
1
1
1
0
130
200
120
200
1
1
1
0
1
130
200
120
200
1
1
1
1
0
210
280
200
280
1
1
1
1
0
50
120
40
120
1
1
1
0
1
210
280
200
280
1
1
1
0
1
40
50
120
130
120
130
200
210
40
50
200
210
1
1
1
1
1
1
1
1
1
1
1
1
1
1
1
1
1
1
1
1
1
1
1
1
1
1
1
1
1
1
1
1
1
1
1
1
1
0
1
1
1
1
1
1
1
1
1
1
1
1
1
1
0
1
1
1
1
0
1
0
1
1
1
1
1
1
1
1
1
0
1
1
1
0
1
1
1
0
1
1
0
1
1
1
1
1
1
1
1
0
1
1
1
1
1
0
1
0
1
1
1
1
1
1
1
1
1
1
1
1
1
1
0
1
1
1
1
0
1
0
1
1
1
1
1
1
1
1
1
0
1
1
1
0
1
1
1
0
1
1
0
1
1
1
1
1
1
1
1
0
1
1
1
1
1
0
1
0
1
1
1
1
1
1
1
1
1
1
1
1
1
1
0
1
1
1
1
0
1
0
1
1
1
1
1
1
1
1
1
0
1
1
1
0
1
1
1
0
1
1
0
1
1
1
1
1
1
1
1
0
1
1
1
1
1
0
1
0
1
1
1
1
1
1
1
1
1
1
1
1
1
1
0
1
1
1
1
0
1
0
1
1
1
1
1
1
1
1
1
0
1
1
1
0
1
1
1
0
1
1
0
1
1
1
1
1
1
1
1
0
1
1
1
1
1
0
1
0
1
1
1
1
1
1
1
1
1
1
1
1
1
1
0
1
1
1
1
0
1
0
1
1
1
1
1
1
1
1
1
0
1
1
1
0
1
1
1
0
1
1
0
1
1
1
1
1
1
1
1
0
1
1
1
1
1
0
280
