3
3
3
3
1
15
3
3
1
27
3
3
3
3
21
3
2
15
21
3
3
27
21
3
2
39
21
3
2
51
21
3
0
3
39
3
2
15
39
3
0
27
39
3
1
39
39
3
2
51
39
3
2
63
39
3
2
75
39
3
0
87
39
3
2
3
57
3
0
15
57
3
3
27
57
3
0
39
57
3
2
51
57
3
3
3
75
3
3
15
75
3
0
27
75
3
2
39
75
3
1
51
75
3
2
63
75
3
0
75
75
3
2
87
75
3
0
3
93
3
0
15
93
3
1
27
93
3
3
39
93
3
1
51
93
3
2
63
93
3
2
75
93
3
2
87
93
3
3
99
93
3
1
111
93
3
0
3
111
3
0
15
111
3
2
27
111
3
2
39
111
3
0
51
111
3
3
63
111
3
1
75
111
3
2
87
111
3
0
99
111
3
0
111
111
3
3
123
111
3
3
135
111
3
1
147
111
3
2
159
111
3
2
3
129
3
2
15
129
3
2
27
129
3
0
39
129
3
3
51
129
3
1
3
147
3
2
15
147
3
3
27
147
3
2
39
147
3
3
51
147
3
0
63
147
3
3
75
147
3
1
87
147
3
1
99
147
3
3
3
165
3
0
15
165
3
1
27
165
3
2
39
165
3
1
51
165
3
3
63
165
3
1
75
165
3
2
87
165
3
1
99
165
3
2
111
165
3
1
3
183
3
2
15
183
3
3
27
183
3
1
39
183
3
1
51
183
3
1
63
183
3
0
75
183
3
0
87
183
3
3
99
183
3
0
111
183
3
2
123
183
3
0
135
183
3
3
147
183
3
3
159
183
3
3
3
201
3
1
15
201
3
2
27
201
3
3
39
201
3
3
51
201
3
3
63
201
3
3
75
201
3
0
87
201
3
2
99
201
3
2
111
201
3
