6
10
10
10
10
10
10
10
10
10
10
10
10
10
10
10
10
10
10
10
10
10
10
10
7
7
7
7
7
7
9
7
9
7
9
7
9
7
9
7
9
7
9
7
9
7
9
7
4
3
8
3
8
3
9
3
9
3
9
3
9
3
9
3
9
3
9
3
9
3
10
3
7
0
9
0
9
0
9
0
9
0
9
0
9
0
9
0
9
0
9
0
9
0
9
0
0
0
0
0
0
0
0
0
0
0
0
0
0
0
0
0
0
0
0
0
0
0
5
0
0
3
0
3
0
3
2
3
2
3
3
3
3
3
3
3
3
3
6
3
6
3
6
3
2
8
2
6
2
6
5
6
5
6
5
6
5
6
5
6
5
6
5
6
5
6
6
6
0
8
0
7
0
7
0
7
0
7
0
7
0
7
0
7
0
7
6
7
6
7
6
6
9
7
10
7
10
7
10
7
10
7
10
7
10
7
10
7
10
7
10
7
10
7
10
6
10
3
10
3
10
3
10
3
10
3
10
3
10
3
10
3
10
3
10
3
10
3
9
3
5
0
2
0
2
0
2
0
2
0
2
0
2
0
2
0
2
0
2
0
2
0
2
3
6
6
3
6
3
6
3
6
3
6
3
6
3
6
3
6
3
6
3
6
3
6
3
6
9
3
3
3
3
3
3
3
3
3
3
3
3
3
3
3
3
3
3
3
3
3
2
3
2
3
2
0
2
0
2
0
2
0
2
0
2
0
2
0
2
0
2
0
2
0
2
3
