320
360
320
370
0
1
1
1
1
270
300
270
310
1
1
1
0
1
0
50
0
80
1
0
1
1
1
20
60
20
70
1
1
0
1
1
240
260
240
270
1
1
1
0
1
140
170
140
180
1
1
0
1
1
140
180
140
190
1
0
1
1
1
80
120
80
130
1
0
1
1
1
0
50
0
60
0
1
1
1
1
420
440
420
450
1
1
1
0
1
460
520
460
530
0
1
1
1
1
370
400
360
410
1
1
1
0
1
330
370
300
380
1
1
0
1
1
80
150
60
160
0
1
1
1
1
270
290
260
300
1
1
0
1
1
190
230
170
240
1
1
1
0
1
130
160
50
170
1
1
1
0
1
540
550
440
560
1
0
1
1
1
530
570
520
580
1
1
1
1
0
410
450
370
460
0
1
1
1
1
430
460
150
470
1
1
1
1
0
300
320
290
330
1
0
1
1
1
280
310
160
320
0
1
1
1
1
580
620
550
630
1
1
1
0
1
470
540
450
550
1
1
1
0
1
330
350
310
360
1
1
1
0
1
630
670
620
680
1
0
1
1
1
580
630
530
640
0
1
1
1
1
680
700
630
10000
1
1
1
0
1
710
730
700
730
1
1
1
1
0
360
370
300
310
70
80
60
70
260
270
170
180
180
190
120
130
50
60
440
450
520
530
400
410
370
380
150
160
290
300
230
240
160
170
550
560
570
580
450
460
460
470
320
330
310
320
620
630
540
550
350
540
630
640
670
680
700
710
1
0
0
1
1
0
1
0
1
0
0
1
0
1
1
0
1
0
0
1
1
1
1
1
1
1
1
1
1
1
1
1
1
1
1
1
1
1
1
1
1
1
1
1
1
1
1
1
1
1
1
1
1
1
1
1
1
1
1
1
1
1
1
1
1
1
1
1
1
1
1
1
1
1
1
1
1
1
1
1
1
1
1
1
1
1
1
1
1
1
1
1
1
1
1
1
1
1
1
1
1
1
1
1
1
1
1
1
1
1
1
1
1
1
1
1
1
1
1
1
1
1
1
1
1
1
1
1
1
1
1
1
1
1
1
1
1
1
1
1
1
1
1
1
1
1
1
1
1
1
1
1
1
1
1
1
1
1
1
1
1
1
1
1
1
1
1
1
1
1
1
1
1
1
1
1
1
1
1
1
1
1
1
1
1
1
1
1
1
1
1
1
1
1
1
1
0
1
0
1
1
0
1
0
1
0
0
1
0
1
0
1
0
1
1
0
1
0
1
0
1
0
1
0
1
0
1
0
1
0
1
1
1
1
1
0
1
0
1
1
0
1
1
1
1
0
1
0
0
1
0
1
0
1
1
0
1
1
0
1
0
1
1
0
1
0
0
1
1
1
0
1
0
1
1
1
0
1
0
1
0
1
1
0
1
1
0
1
0
1
1
1
0
1
0
1
0
1
1
1
0
1
1
0
1
0
1
0
1
0
1
0
1
1
1
0
1
1
0
1
1
1
1
0
1
1
1
1
0
1
1
0
1
0
1
0
0
1
0
1
1
1
1
1
1
0
0
1
0
1
1
1
1
0
1
1
1
1
0
1
1
0
1
0
1
0
1
0
1
0
1
0
1
0
1
0
1
0
1
0
1
0
1
0
1
1
1
0
1
0
1
1
1
0
1
1
1
0
1
0
1
0
1
0
1
1
1
1
0
1
1
1
1
0
1
0
1
1
0
1
1
1
0
1
1
0
1
0
1
0
1
1
1
1
0
1
0
1
1
0
1
0
1
0
1
0
1
0
1
0
1
0
1
0
1
0
1
1
1
0
1
1
1
0
1
1
1
1
1
0
1
0
1
1
1
1
1
1
1
1
1
0
1
0
1
1
1
0
1
0
1
0
1
0
1
0
1
0
1
1
1
1
1
0
1
0
1
0
1
1
1
0
1
0
1
1
0
1
0
1
1
0
1
0
1
0
0
1
0
1
0
1
0
1
1
0
1
0
1
0
1
0
1
0
1
0
1
0
1
0
1
1
1
1
1
0
1
0
1
1
0
1
1
1
1
0
1
0
0
1
0
1
0
1
1
0
1
1
0
1
0
1
1
0
1
0
0
1
1
1
0
1
0
1
1
1
0
1
0
1
0
1
1
0
1
1
0
1
0
1
1
1
0
1
0
1
0
1
1
1
0
1
1
0
1
0
1
0
1
0
1
0
1
1
1
0
1
1
0
1
1
1
1
0
1
1
1
1
0
1
1
0
1
0
1
0
0
1
0
1
1
1
1
1
1
0
0
1
0
1
1
1
1
0
1
1
1
1
0
1
1
0
1
0
1
0
1
0
1
0
1
0
1
0
1
0
1
0
1
0
1
0
1
0
1
1
1
0
1
0
1
1
1
0
1
1
1
0
1
0
1
0
1
0
1
1
1
1
0
1
1
1
1
0
1
0
1
1
0
1
1
1
0
1
1
0
1
0
1
0
1
1
1
1
0
1
0
1
1
0
1
0
1
0
1
0
1
0
1
0
1
0
1
0
1
0
1
1
1
0
1
1
1
0
1
1
1
1
1
0
1
0
1
1
1
1
1
1
1
1
1
0
1
0
1
1
1
0
1
0
1
0
1
0
1
0
1
0
1
1
1
1
1
0
1
0
1
0
1
1
1
0
1
0
1
1
0
1
0
1
1
0
1
0
1
0
0
1
0
1
0
1
0
1
1
0
1
0
1
0
1
0
1
0
1
0
1
0
1
0
1
1
1
1
1
0
1
0
1
1
0
1
1
1
1
0
1
0
0
1
0
1
0
1
1
0
1
1
0
1
0
1
1
0
1
0
0
1
1
1
0
1
0
1
1
1
0
1
0
1
0
1
1
0
1
1
0
1
0
1
1
1
0
1
0
1
0
1
1
1
0
1
1
0
1
0
1
0
1
0
1
0
1
1
1
0
1
1
0
1
1
1
1
0
1
1
1
1
0
1
1
0
1
0
1
0
0
1
0
1
1
1
1
1
1
0
0
1
0
1
1
1
1
0
1
1
1
1
0
1
1
0
1
0
1
0
1
0
1
0
1
0
1
0
1
0
1
0
1
0
1
0
1
0
1
1
1
0
1
0
1
1
1
0
1
1
1
0
1
0
1
0
1
0
1
1
1
1
0
1
1
1
1
0
1
0
1
1
0
1
1
1
0
1
1
0
1
0
1
0
1
1
1
1
0
1
0
1
1
0
1
0
1
0
1
0
1
0
1
0
1
0
1
0
1
0
1
1
1
0
1
1
1
0
1
1
1
1
1
0
1
0
1
1
1
1
1
1
1
1
1
0
1
0
1
1
1
0
1
0
1
0
1
0
1
0
1
0
1
1
1
1
1
0
1
0
1
0
1
1
1
0
1
0
1
1
0
1
0
1
1
0
1
0
1
0
0
1
0
1
0
1
0
1
1
0
1
0
1
0
1
0
1
0
1
0
1
0
1
0
1
1
1
1
1
0
1
0
1
1
0
1
1
1
1
0
1
0
0
1
0
1
0
1
1
0
1
1
0
1
0
1
1
0
1
0
0
1
1
1
0
1
0
1
1
1
0
1
0
1
0
1
1
0
1
1
0
1
0
1
1
1
0
1
0
1
0
1
1
1
0
1
1
0
1
0
1
0
1
0
1
0
1
1
1
0
1
1
0
1
1
1
1
0
1
1
1
1
0
1
1
0
1
0
1
0
0
1
0
1
1
1
1
1
1
0
0
1
0
1
1
1
1
0
1
1
1
1
0
1
1
0
1
0
1
0
1
0
1
0
1
0
1
0
1
0
1
0
1
0
1
0
1
0
1
1
1
0
1
0
1
1
1
0
1
1
1
0
1
0
1
0
1
0
1
1
1
1
0
1
1
1
1
0
1
0
1
1
0
1
1
1
0
1
1
0
1
0
1
0
1
1
1
1
0
1
0
1
1
0
1
0
1
0
1
0
1
0
1
0
1
0
1
0
1
0
1
1
1
0
1
1
1
0
1
1
1
1
1
0
1
0
1
1
1
1
1
1
1
1
1
0
1
0
1
1
1
0
1
0
1
0
1
0
1
0
1
0
1
1
1
1
1
0
1
0
1
0
1
1
1
0
1
0
1
1
0
1
0
1
1
0
1
0
1
0
0
1
0
1
0
1
0
1
1
0
1
0
1
0
1
0
1
0
1
0
1
0
1
0
1
1
1
1
1
0
1
0
1
1
0
1
1
1
1
0
1
0
0
1
0
1
0
1
1
0
1
1
0
1
0
1
1
0
1
0
0
1
1
1
0
1
0
1
1
1
0
1
0
1
0
1
1
0
1
1
0
1
0
1
1
1
0
1
0
1
0
1
1
1
0
1
1
0
1
0
1
0
1
0
1
0
1
1
1
0
1
1
0
1
1
1
1
0
1
1
1
1
0
1
1
0
1
0
1
0
0
1
0
1
1
1
1
1
1
0
0
1
0
1
1
1
1
0
1
1
1
1
0
1
1
0
1
0
1
0
1
0
1
0
1
0
1
0
1
0
1
0
1
0
1
0
1
0
1
1
1
0
1
0
1
1
1
0
1
1
1
0
1
0
1
0
1
0
1
1
1
1
0
1
1
1
1
0
1
0
1
1
0
1
1
1
0
1
1
0
1
0
1
0
1
1
1
1
0
1
0
1
1
0
1
0
1
0
1
0
1
0
1
0
1
0
1
0
1
0
1
1
1
0
1
1
1
0
1
1
1
1
1
0
1
0
1
1
1
1
1
1
1
1
1
0
1
0
1
1
1
0
1
0
1
0
1
0
1
0
1
0
1
1
1
1
1
0
1
0
1
0
1
1
1
0
1
0
730
